
184,1683506943.9719844,1683506944.0241992,1683506944.074549,1683506944.0755422,1683506944.0765398,1683506944.126652,1683506944.1308458,1683506944.1318436,1683506944.1771624,1683506944.1781623,1683506944.1781623,
272,1683506960.2318447,1683506960.2751575,1683506960.3341782,1683506960.3341782,1683506960.33618,1683506960.3787887,1683506960.430543,1683506960.4330738,1683506960.4345698,1683506960.4789631,
464,1683506997.7639909,1683506997.8255594,1683506997.8803277,1683506997.887316,1683506997.9245718,1683506997.925568,1683506997.9267294,1683506997.97776,1683506997.9787602,
464,1683507025.3279984,1683507025.363552,1683507025.421036,1683507025.4220402,1683507025.4230459,1683507025.4719176,1683507025.4729152,1683507025.4739182,1683507025.5228014,1683507025.5237975,1683507025.5237975,
832,1683507062.6318107,1683507062.7150202,1683507062.7160232,1683507062.717023,1683507062.7627923,1683507062.7637894,1683507062.7637894,1683507062.8115416,1683507062.8125417,1683507062.8618639,1683507062.867865,
832,1683507120.1375947,1683507120.184928,1683507120.2415195,1683507120.2425244,1683507120.244933,1683507120.2852786,1683507120.2852786,1683507120.2852786,1683507120.2862847,1683507120.3347812,
832,1683507152.6600401,1683507152.6944842,1683507152.744866,1683507152.744866,1683507152.7992625,1683507152.7992625,1683507152.8479025,
832,1683507187.2556856,1683507187.3107224,1683507187.3107224,1683507187.3737087,1683507187.375937,1683507187.3769648,1683507187.413536,1683507187.4155762,1683507187.4155762,1683507187.4661717,
832,1683507280.5568874,1683507280.616444,1683507280.6174426,1683507280.6734095,1683507280.6749454,1683507280.6749454,1683507280.6771703,1683507280.7216334,1683507280.7216334,1683507280.7226496,1683507280.7708561,
1584,1683507295.5964808,1683507295.6409547,1683507295.6914136,1683507295.6914136,1683507295.7398639,1683507295.7418694,1683507295.7418694,1683507295.7418694,1683507295.790702,1683507295.7929697,
1584,1683507319.1977165,1683507319.2521079,1683507319.2521079,1683507319.3595734,1683507319.3717363,1683507319.3717363,1683507319.3727367,1683507319.3727367,1683507319.3747566,1683507319.4044137,1683507319.4054122,
1584,1683507335.620645,1683507335.6891756,1683507335.690174,1683507335.7428014,1683507335.7418058,1683507335.7428014,1683507335.785541,1683507335.785541,1683507335.785541,1683507335.8352716,1683507335.8362665,
1584,1683507351.6046045,1683507351.6585364,1683507351.7077217,1683507351.7087224,1683507351.7097151,1683507351.7596111,1683507351.7606275,1683507351.8065443,1683507351.8065443,
1584,1683507366.4697652,1683507366.5259964,1683507366.5259964,1683507366.578786,1683507366.5797791,1683507366.5807717,1683507366.6781015,1683507366.6803896,1683507366.6816506,1683507366.6816506,
832,1683507505.924953,1683507506.0035863,1683507506.0035863,1683507506.0047164,1683507506.051157,1683507506.0523064,1683507506.0546427,1683507506.145247,1683507506.1462464,1683507506.1472552,1683507506.1532469,
1584,1683507534.7911537,1683507534.8897717,1683507534.8942516,1683507534.8957558,1683507534.9302773,1683507534.9679654,1683507534.9762545,1683507535.0797744,1683507535.0843632,1683507535.0853755,
3328,1683507617.8212976,1683507617.8657782,1683507617.9133902,1683507617.9133902,1683507617.914391,1683507617.9648778,1683507617.9648778,1683507617.9648778,1683507618.0565841,1683507618.0565841,1683507618.0565841,
1584,1683507655.8162112,1683507655.8522284,1683507655.9187334,1683507655.9187334,1683507655.9605656,1683507655.9625762,1683507655.9686806,1683507656.0517695,1683507656.0537782,1683507656.0537782,1683507656.055247,
3328,1683507677.2714446,1683507677.308985,1683507677.413871,1683507677.415873,1683507677.4168668,1683507677.4168668,1683507677.4733257,1683507677.4840226,1683507677.5565913,1683507677.5565913,
3328,1683509177.5822482,
3328,1683509225.1188395,
3328,1683509236.1994705,
3328,1683509259.2790725,1683509667.882879,1683509667.883878,1683509667.8887005,1683509667.8887005,1683509667.889697,1683509667.8916955,1683509667.8926997,1683509667.8926997,1683509667.8936942,1683509667.8936942,
3328,1683509726.8780162,
3328,1683553865.9843478,
3328,1683553897.0319426,
3328,1683554115.2183223,
3328,1683554219.59686,
3328,1683554833.3460312,
3328,1683554855.1223557,
184,1683555594.9712229,1683555595.054303,
184,1683575514.8306165,1683575514.87305,1683575514.8865788,
184,1683578969.1214051,1683578969.1669202,1683578969.197454,
184,1683584503.5740237,1683584503.647594,1683584503.6523764,
184,1683589102.466801,1683589102.5557737,1683589102.5567691,